1608668597143
1608668597479
1608668597870
1608668598132
1608668598132
1608668598132
1608668598134
1608668598135
1608668598282
1608673285940
1608673286218
1608673286486
1608673286828
1608673286829
1608673286829
1608673286831
1608673861829
1608673862141
1608673862402
1608673862409
1608673862577
1608673862578
1608674258033
1608674258369
1608674258644
1608674258651
1608674258812
1608674258813
1608674258814
1608674258814
1608674517078
1608674517435
1608674517436
1608674517436
1608674517437
1608675763378
1608675763679
1608675763680
1608675763680
1608675763681
1608675763682
1608675763682
1608676038027
1608676038329
1608676038330
1608676038330
1608676038330
1608676038331
1608676038331
1608766559042
1608766559407
1608766559677
1608766559909
1608766559911
1608766559912
1608766585834
1608766586278
1608766586557
1608766586711
1608766586713
1608766586713
1608766649985
1608766650302
1608766650601
1608766650765
1608766650768
1608766650768
